1 0.730826 0.652156 0.051622 0.107558
1 0.729351 0.387195 0.030973 0.076078
1 0.440265 0.482948 0.030973 0.104935
1 0.408555 0.308494 0.032448 0.076078
1 0.248525 0.455403 0.042773 0.086571
1 0.281711 0.556402 0.041298 0.094441
1 0.444690 0.615428 0.042773 0.086571
1 0.499263 0.614117 0.033923 0.036727
2 0.466077 0.732168 0.038348 0.057714
0 0.587021 0.295377 0.038348 0.065584
0 0.923304 0.438351 0.050147 0.120675
0 0.803835 0.716428 0.064897 0.173143
0 0.359145 0.497377 0.057522 0.112805
0 0.496313 0.665272 0.030973 0.091818