0 0.676254 0.751844 0.036873 0.160026
0 0.733776 0.582636 0.033923 0.125922
0 0.778761 0.434416 0.035398 0.097065
0 0.844395 0.316364 0.019174 0.107558
0 0.640118 0.366208 0.041298 0.112805
0 0.435841 0.286195 0.025074 0.083948
0 0.181416 0.536727 0.023599 0.128545
2 0.554572 0.742662 0.014749 0.047221
0 0.517699 0.712493 0.038348 0.160026
1 0.576696 0.429169 0.047198 0.128545
1 0.300147 0.322922 0.022124 0.099688
1 0.136431 0.471143 0.025074 0.107558
1 0.359145 0.503935 0.030973 0.104935
1 0.413717 0.649532 0.022124 0.065584
1 0.460914 0.649532 0.036873 0.128545
1 0.415192 0.747909 0.033923 0.146909
1 0.761062 0.315052 0.041298 0.089195