2 0.509587 0.456714 0.028024 0.062961
3 0.433628 0.418675 0.029499 0.181013
3 0.430678 0.662649 0.050147 0.154779
3 0.790560 0.501312 0.026549 0.157402
3 0.646755 0.349156 0.030973 0.141662
3 0.471976 0.219299 0.038348 0.086571
3 0.244100 0.223234 0.033923 0.136415
3 0.103245 0.292754 0.038348 0.107558
3 0.477139 0.481636 0.066372 0.107558
0 0.598083 0.435727 0.045723 0.120675
0 0.685103 0.692818 0.051622 0.225610
0 0.747050 0.354403 0.036873 0.136415
0 0.771386 0.212741 0.023599 0.120675
0 0.887906 0.502623 0.047198 0.212493
0 0.165929 0.729545 0.101770 0.183636
0 0.084071 0.425234 0.044248 0.125922
0 0.480826 0.391130 0.032448 0.047221