1 0.165929 0.212741 0.030973 0.062961
1 0.219027 0.207494 0.039823 0.057714
1 0.311947 0.202247 0.028024 0.036727
1 0.402655 0.304559 0.035398 0.062961
1 0.275074 0.341286 0.042773 0.057714
1 0.317109 0.427857 0.047198 0.052467
1 0.278761 0.454091 0.053097 0.062961
1 0.196165 0.326857 0.032448 0.086571
1 0.136431 0.467208 0.013274 0.041974
1 0.245575 0.501312 0.036873 0.078701
1 0.177729 0.510493 0.025074 0.076078
0 0.599558 0.283572 0.036873 0.041974
0 0.674041 0.169455 0.014749 0.039351
0 0.724189 0.207494 0.041298 0.052467
0 0.747788 0.341286 0.041298 0.041974
0 0.654867 0.396377 0.029499 0.052467
0 0.553835 0.459338 0.033923 0.031480
0 0.621681 0.531480 0.042773 0.065584
0 0.734513 0.459338 0.038348 0.052467
0 0.719027 0.587883 0.048673 0.057714
0 0.622419 0.754467 0.047198 0.076078
0 0.814159 0.732168 0.056047 0.104935