0 0.639381 0.543286 0.028024 0.089195
0 0.556785 0.471143 0.025074 0.086571
0 0.601032 0.337351 0.042773 0.112805
0 0.676254 0.177325 0.030973 0.091818
0 0.665929 0.392442 0.013274 0.097065
0 0.730088 0.220611 0.044248 0.052467
0 0.754425 0.332104 0.045723 0.055091
0 0.734513 0.418675 0.041298 0.044597
0 0.738938 0.511805 0.038348 0.057714
0 0.627581 0.703311 0.045723 0.041974
0 0.794248 0.691506 0.048673 0.070831
0 0.688053 0.792506 0.039823 0.057714
1 0.342183 0.198312 0.058997 0.086571
1 0.213864 0.173390 0.035398 0.083948
1 0.174041 0.189130 0.032448 0.062961
1 0.188791 0.312429 0.026549 0.078701
1 0.135693 0.476390 0.020649 0.039351
1 0.235988 0.451468 0.020649 0.052467
1 0.303835 0.435727 0.029499 0.068208
1 0.248525 0.333416 0.022124 0.041974
1 0.394543 0.328169 0.045723 0.041974