0 0.579646 0.349156 0.038348 0.052467
0 0.629056 0.191754 0.036873 0.041974
0 0.728614 0.190442 0.035398 0.055091
0 0.693215 0.288819 0.047198 0.057714
0 0.737463 0.530169 0.035398 0.099688
0 0.629056 0.595753 0.039823 0.078701
0 0.599558 0.704623 0.028024 0.044597
0 0.674779 0.698065 0.022124 0.052467
0 0.735988 0.652156 0.023599 0.039351
1 0.443215 0.278325 0.054572 0.078701
1 0.362832 0.238975 0.041298 0.062961
1 0.285398 0.231104 0.033923 0.068208
1 0.290560 0.330793 0.032448 0.052467
1 0.229351 0.469831 0.030973 0.057714
1 0.331121 0.467208 0.039823 0.052467
1 0.148968 0.380637 0.026549 0.026234