1 0.371681 0.440974 0.050147 0.078701
1 0.349558 0.269143 0.064897 0.133792
1 0.283186 0.191754 0.035398 0.031480
1 0.233038 0.249468 0.056047 0.078701
1 0.286873 0.461961 0.087021 0.157402
1 0.231563 0.493442 0.035398 0.062961
1 0.159292 0.204871 0.038348 0.041974
1 0.173304 0.296689 0.028024 0.041974
1 0.140855 0.393753 0.039823 0.073454
1 0.184366 0.480325 0.061947 0.047221
1 0.267699 0.338663 0.048673 0.047221
1 0.274336 0.821363 0.014749 0.047221
0 0.595870 0.337351 0.038348 0.076078
0 0.761799 0.155027 0.033923 0.041974
0 0.755162 0.242910 0.023599 0.039351
0 0.744838 0.320299 0.035398 0.041974
0 0.671829 0.341286 0.066372 0.083948
0 0.704277 0.433104 0.028024 0.062961
0 0.738938 0.406870 0.041298 0.062961
0 0.721239 0.624610 0.047198 0.083948