0 0.769912 0.156338 0.035398 0.060338
0 0.744838 0.238975 0.056047 0.052467
0 0.603245 0.270455 0.061947 0.068208
0 0.600295 0.338663 0.032448 0.073454
0 0.671829 0.317676 0.036873 0.052467
0 0.747788 0.329481 0.026549 0.044597
0 0.647493 0.404247 0.026549 0.062961
0 0.696165 0.472455 0.029499 0.041974
0 0.745575 0.408182 0.033923 0.034104
0 0.710914 0.808246 0.026549 0.062961
2 0.173304 0.202247 0.030973 0.047221
1 0.291298 0.181260 0.060472 0.031480
1 0.362832 0.278325 0.023599 0.078701
1 0.379056 0.414740 0.038348 0.078701
1 0.278761 0.343909 0.026549 0.068208
1 0.241150 0.265208 0.051622 0.073454
1 0.241888 0.496065 0.044248 0.078701