0 0.533923 0.688883 0.038348 0.186259
1 0.662242 0.690194 0.053097 0.141662
0 0.667404 0.531480 0.048673 0.102311
0 0.693953 0.267832 0.030973 0.099688
0 0.575221 0.279637 0.029499 0.133792
0 0.317109 0.203559 0.041298 0.107558
0 0.343658 0.494753 0.041298 0.107558
1 0.223451 0.510493 0.057522 0.139039
1 0.193215 0.308494 0.032448 0.112805
1 0.188791 0.156338 0.023599 0.086571
1 0.594395 0.164208 0.017699 0.070831
1 0.533186 0.315052 0.033923 0.110182
1 0.644543 0.275702 0.029499 0.136415
1 0.716814 0.388507 0.023599 0.099688
1 0.749263 0.305871 0.041298 0.154779
1 0.801622 0.413429 0.028024 0.181013