2 0.197640 0.232416 0.017699 0.055091
2 0.679941 0.802999 0.038348 0.057714
0 0.661504 0.195689 0.042773 0.070831
0 0.725664 0.217988 0.035398 0.073454
0 0.735251 0.376702 0.039823 0.060338
0 0.655605 0.380637 0.030973 0.062961
0 0.606932 0.280948 0.030973 0.052467
0 0.575221 0.454091 0.032448 0.089195
0 0.631268 0.589195 0.020649 0.055091
0 0.734513 0.494753 0.032448 0.055091
0 0.707227 0.616740 0.013274 0.052467
0 0.683628 0.674454 0.048673 0.083948
0 0.780236 0.704623 0.053097 0.055091
0 0.613569 0.797753 0.038348 0.047221
1 0.288348 0.182572 0.033923 0.128545
1 0.427729 0.283572 0.017699 0.047221
1 0.331858 0.269143 0.017699 0.049844
1 0.322271 0.328169 0.060472 0.089195
1 0.255900 0.338663 0.045723 0.047221
1 0.271386 0.460649 0.044248 0.070831
1 0.221976 0.485571 0.051622 0.047221
1 0.132006 0.418675 0.063422 0.081325