1 0.370944 0.383260 0.036873 0.026234
1 0.377581 0.299312 0.029499 0.047221
1 0.270649 0.199624 0.051622 0.073454
1 0.234513 0.291442 0.058997 0.078701
1 0.312684 0.522299 0.038348 0.052467
1 0.292773 0.412117 0.045723 0.052467
1 0.248525 0.515740 0.039823 0.081325
1 0.181416 0.459338 0.035398 0.089195
1 0.128319 0.383260 0.029499 0.078701
1 0.167404 0.240286 0.057522 0.102311
2 0.588496 0.307182 0.023599 0.083948
0 0.699115 0.408182 0.023599 0.049844
0 0.639381 0.178637 0.066372 0.020987
0 0.742625 0.147157 0.033923 0.083948
2 0.724926 0.241598 0.016224 0.036727
0 0.716814 0.816116 0.035398 0.041974
0 0.749263 0.322922 0.029499 0.068208
0 0.646755 0.267832 0.078171 0.083948