2 0.320059 0.155027 0.032448 0.057714
0 0.744100 0.633792 0.019174 0.086571
0 0.789823 0.498688 0.013274 0.068208
0 0.831121 0.375390 0.030973 0.073454
0 0.761799 0.312429 0.036873 0.052467
0 0.761062 0.232416 0.041298 0.112805
0 0.588496 0.333416 0.026549 0.026234
0 0.650442 0.354403 0.014749 0.062961
0 0.696903 0.438351 0.042773 0.068208
0 0.699853 0.559026 0.030973 0.078701
1 0.396018 0.315052 0.019174 0.057714
1 0.324484 0.438351 0.026549 0.041974
1 0.286873 0.431792 0.028024 0.039351
1 0.247788 0.461961 0.035398 0.089195
1 0.166667 0.307182 0.038348 0.115428
1 0.252212 0.139286 0.020649 0.068208
1 0.288348 0.223234 0.028024 0.036727
1 0.363569 0.131416 0.036873 0.052467
1 0.432153 0.173390 0.035398 0.031480