1 0.287611 0.349156 0.038348 0.036727
1 0.345870 0.396377 0.042773 0.057714
1 0.358407 0.301935 0.064897 0.089195
1 0.308260 0.140598 0.017699 0.065584
1 0.331121 0.145845 0.028024 0.097065
1 0.202802 0.225858 0.033923 0.089195
1 0.140118 0.417364 0.032448 0.104935
1 0.229351 0.480325 0.033923 0.062961
1 0.290560 0.485571 0.029499 0.078701
1 0.333333 0.489507 0.029499 0.039351
1 0.425516 0.275702 0.030973 0.036727
0 0.669617 0.204871 0.041298 0.078701
0 0.724189 0.197001 0.017699 0.068208
0 0.675516 0.371455 0.020649 0.060338
0 0.733038 0.372766 0.014749 0.052467
0 0.635693 0.593130 0.008850 0.062961
0 0.674041 0.716428 0.029499 0.052467
0 0.765487 0.734792 0.032448 0.099688
0 0.612094 0.831856 0.056047 0.094441