0 0.626106 0.143221 0.030973 0.060338
0 0.680678 0.136663 0.030973 0.047221
0 0.587021 0.313741 0.020649 0.055091
0 0.643068 0.409494 0.035398 0.031480
0 0.601032 0.522299 0.030973 0.052467
0 0.683628 0.489507 0.022124 0.060338
0 0.652655 0.548532 0.033923 0.073454
0 0.753687 0.505247 0.026549 0.076078
0 0.735988 0.279637 0.017699 0.049844
0 0.707965 0.223234 0.026549 0.057714
1 0.140855 0.378013 0.036873 0.047221
1 0.264012 0.299312 0.017699 0.052467
1 0.328171 0.229793 0.030973 0.065584
1 0.418879 0.128793 0.029499 0.036727
1 0.416667 0.278325 0.030973 0.057714
1 0.379794 0.307182 0.025074 0.052467
1 0.294248 0.443598 0.022124 0.036727
1 0.229351 0.493442 0.039823 0.073454
1 0.290560 0.834480 0.029499 0.094441