2 0.647493 0.695441 0.020649 0.057714
1 0.824484 0.425234 0.026549 0.146909
1 0.899705 0.406870 0.026549 0.110182
1 0.667404 0.641662 0.057522 0.107558
1 0.612094 0.258650 0.058997 0.139039
1 0.660767 0.233728 0.032448 0.141662
1 0.800885 0.300624 0.020649 0.112805
1 0.221239 0.482948 0.047198 0.131169
1 0.262537 0.288819 0.041298 0.094441
0 0.117994 0.541974 0.047198 0.139039
0 0.116519 0.322922 0.047198 0.089195
0 0.143068 0.155027 0.041298 0.068208
0 0.376106 0.202247 0.047198 0.104935
0 0.414454 0.506558 0.047198 0.125922
0 0.537611 0.639039 0.036873 0.154779
0 0.653392 0.556402 0.041298 0.110182
0 0.713864 0.249468 0.029499 0.115428
0 0.750000 0.280948 0.013274 0.136415