2 0.781711 0.342598 0.017699 0.055091
0 0.702065 0.235039 0.014749 0.055091
0 0.745575 0.185195 0.042773 0.049844
0 0.823746 0.202247 0.030973 0.041974
0 0.729351 0.312429 0.030973 0.031480
0 0.635693 0.347844 0.038348 0.055091
0 0.612832 0.274390 0.022124 0.055091
0 0.591445 0.199624 0.035398 0.078701
0 0.713127 0.459338 0.028024 0.078701
0 0.716077 0.779389 0.054572 0.073454
1 0.316372 0.562961 0.045723 0.097065
1 0.287611 0.810870 0.041298 0.047221
1 0.374631 0.501312 0.029499 0.036727
1 0.415929 0.488195 0.023599 0.062961
1 0.404867 0.385883 0.022124 0.031480
1 0.367994 0.333416 0.030973 0.031480
1 0.359145 0.280948 0.030973 0.031480
1 0.279499 0.288819 0.057522 0.057714
1 0.269912 0.162897 0.038348 0.062961
1 0.222714 0.152403 0.044248 0.062961