2 0.585546 0.354403 0.014749 0.041974
0 0.630531 0.351780 0.022124 0.073454
0 0.681416 0.384572 0.029499 0.044597
0 0.751475 0.330793 0.022124 0.052467
0 0.735988 0.231104 0.041298 0.062961
0 0.809735 0.393753 0.023599 0.110182
0 0.780973 0.517052 0.025074 0.062961
0 0.749263 0.561649 0.026549 0.047221
0 0.730826 0.629857 0.036873 0.057714
0 0.657080 0.608870 0.042773 0.068208
0 0.686578 0.490818 0.048673 0.047221
1 0.424041 0.207494 0.028024 0.057714
1 0.375369 0.275702 0.033923 0.078701
1 0.345870 0.203559 0.025074 0.023610
1 0.295723 0.238975 0.042773 0.099688
1 0.275811 0.232416 0.050147 0.149532
1 0.150442 0.326857 0.026549 0.102311
1 0.323009 0.479013 0.120944 0.207246
1 0.233038 0.451468 0.047198 0.062961
1 0.279499 0.800376 0.054572 0.099688