1 0.268437 0.452779 0.032448 0.023610
1 0.281711 0.388507 0.058997 0.125922
1 0.188053 0.346533 0.036873 0.068208
1 0.186578 0.221923 0.033923 0.044597
1 0.322271 0.199624 0.042773 0.057714
1 0.395280 0.320299 0.026549 0.073454
1 0.244838 0.485571 0.032448 0.062961
1 0.173304 0.519675 0.030973 0.036727
0 0.595133 0.316364 0.025074 0.039351
0 0.666667 0.387195 0.029499 0.070831
0 0.761799 0.346533 0.039823 0.036727
0 0.735251 0.231104 0.066372 0.089195
0 0.671091 0.170767 0.050147 0.099688
0 0.636431 0.532792 0.028024 0.094441
0 0.554572 0.456714 0.029499 0.068208
0 0.613569 0.705935 0.047198 0.099688
0 0.746313 0.603623 0.041298 0.052467
0 0.734513 0.451468 0.041298 0.078701