2 0.819322 0.522299 0.030973 0.026234
0 0.668142 0.536727 0.017699 0.049844
0 0.612094 0.443598 0.026549 0.057714
0 0.602507 0.235039 0.019174 0.070831
0 0.742625 0.353091 0.033923 0.055091
0 0.777286 0.448844 0.023599 0.068208
0 0.840708 0.463273 0.017699 0.049844
0 0.842183 0.265208 0.014749 0.083948
0 0.768437 0.225858 0.011799 0.041974
0 0.794985 0.574766 0.026549 0.073454
1 0.405605 0.493442 0.035398 0.047221
1 0.421829 0.413429 0.032448 0.039351
1 0.403392 0.328169 0.025074 0.057714
1 0.355457 0.265208 0.035398 0.047221
1 0.368732 0.144533 0.041298 0.057714
1 0.255162 0.221923 0.026549 0.039351
1 0.306785 0.526234 0.032448 0.070831
1 0.331858 0.447533 0.029499 0.065584
1 0.370206 0.434416 0.017699 0.055091